      1 600.0
      1 353.5
      1 335.0
      1 330.08
      1 330.0
      1 323.0
      1 301.37
      1 300.0
      1 299.99
      1 283.0
      1 266.6
      1 255.0
      2 250.0
      1 232.6
      1 230.07
      1 230.0
      3 222.0
      1 211.0
      1 202.0
     14 200.0
      1 198.0
      2 196.2
      1 195.0
      1 191.74
      1 180.24
      1 177.5
      1 176.0
      1 175.17
      1 170.8
      1 169.71
      1 162.7
      1 161.7
      1 160.08
      1 157.0
      1 155.02
      1 151.5
     18 150.0
      1 149.0
      1 146.0
      1 145.0
      1 140.0
      1 138.74
      1 138.68
      1 138.0
      2 137.5
      1 134.8
      2 130.0
      1 129.5
      1 126.0
      1 125.55
      1 125.46
      7 125.0
      1 124.54
      1 124.0
      1 123.0
      1 122.0
      1 121.5
      1 120.05
      6 120.0
      1 119.7
      1 118.0
      1 116.7
      1 115.54
      4 115.0
      1 114.64
      1 114.5
      1 112.55
      2 112.0
      1 111.11
      4 111.0
      4 110.0
      1 109.0
      1 108.88
      1 107.0
      1 101.88
      1 101.42
      1 101.0
      1 100.88
      2 100.8
      1 100.33
      1 100.1
      1 100.03
      1 100.01
     40 100.0
      2 99.99
      1 99.8
      1 99.78
      1 99.05
      3 99.0
      1 98.99
      2 98.0
      1 96.16
      2 95.0
      1 94.82
      1 94.0
      1 93.86
      1 93.17
      1 93.0
      1 92.79
      1 92.33
      2 91.0
      1 90.84
      1 90.7
     13 90.0
      1 89.08
      1 89.0
      1 88.88
      1 88.8
      2 88.0
      1 86.69
      1 86.59
      1 86.2
      1 86.19
      2 86.0
      1 85.85
      1 85.82
      3 85.0
      1 83.0
      1 82.46
      1 82.2
      1 82.06
      5 82.0
      1 81.5
      1 81.24
      1 81.2
      1 81.14
      2 81.0
      2 80.8
      1 80.44
      1 80.24
      1 80.22
      4 80.16
      1 80.08
     36 80.0
      1 79.99
      1 79.97
      1 79.7
      1 79.43
      1 78.8
      1 78.72
      1 78.39
      1 78.0
      1 77.88
      1 77.77
      1 77.2
      2 77.0
      1 76.89
      1 76.76
      1 76.6
      2 76.0
      1 75.89
      1 75.7
      1 75.24
      1 75.2
      1 75.16
      1 75.14
      1 75.09
      2 75.08
     13 75.0
      1 74.85
      1 74.69
      1 74.47
      1 74.42
      1 74.09
      1 74.0
      1 73.45
      1 73.29
      1 73.17
      1 73.0
      1 72.75
      1 72.09
      3 72.0
      1 71.9
      1 71.7
      1 71.55
      1 71.38
      1 71.25
      1 71.17
      1 71.06
      1 71.0
      1 70.78
      1 70.33
      1 70.3
      2 70.15
      2 70.05
     20 70.0
      1 69.69
      1 69.0
      1 68.68
      1 68.34
      1 68.3
      3 68.0
      1 67.38
      3 67.0
      1 66.86
      1 66.84
      1 66.7
      1 66.5
      1 66.45
      2 66.42
      1 66.25
      4 66.0
      1 65.94
      1 65.92
      1 65.7
      1 65.15
      1 65.08
     19 65.0
      1 64.95
      1 64.45
      1 64.38
      1 64.28
      1 64.2
      1 64.12
      1 64.03
      1 64.0
      1 63.81
      1 63.66
      1 63.59
      1 63.58
      1 63.55
      1 63.5
      4 63.0
      1 62.84
      1 62.7
      1 62.69
      1 62.64
      1 62.52
      1 62.3
      1 62.18
      2 62.16
      1 62.03
      7 62.0
      2 61.93
      1 61.82
      1 61.5
      1 61.46
      1 61.44
      5 61.42
      1 61.2
      3 61.0
      1 60.93
      1 60.8
      1 60.69
      1 60.36
      1 60.35
      1 60.2
      1 60.16
      2 60.11
      2 60.08
      3 60.06
      1 60.05
     31 60.0
      1 59.8
      1 59.23
      1 59.0
      1 58.92
      1 58.9
      1 58.6
      1 58.59
      1 58.56
      1 58.5
      1 58.31
      1 58.3
      1 58.26
      1 58.2
      1 58.16
      1 58.14
      1 58.08
      6 58.0
      1 57.91
      1 57.8
      1 57.76
      1 57.7
      1 57.61
      1 57.55
      1 57.5
      1 57.3
      1 57.26
      2 57.24
      2 57.2
      4 57.0
      1 56.6
      1 56.56
      2 56.33
      3 56.28
      1 56.25
      2 56.2
      1 56.18
      1 56.16
      3 56.06
      2 56.0
      1 55.86
      1 55.85
      1 55.84
      2 55.8
      1 55.67
      1 55.66
      1 55.61
      2 55.56
      5 55.55
      3 55.5
      1 55.46
      1 55.18
      1 55.16
      2 55.06
      1 55.05
     20 55.0
      1 54.98
      1 54.91
      1 54.9
      1 54.83
      1 54.7
      1 54.58
      1 54.51
      1 54.48
      1 54.26
      1 54.24
      1 54.2
      1 54.16
      2 54.15
      1 54.09
      1 54.08
      1 54.0
      1 53.86
      1 53.78
      1 53.38
      1 53.26
      1 53.23
      1 53.19
      1 53.06
      1 53.05
      1 53.01
      2 53.0
      1 52.96
      1 52.92
      1 52.78
      1 52.66
      1 52.58
      1 52.3
      1 52.23
      6 52.0
      1 51.88
      1 51.78
      1 51.73
      2 51.7
      1 51.6
      1 51.5
      1 51.46
      1 51.4
      1 51.33
      2 51.28
      2 51.2
      1 51.19
      1 51.17
      1 51.06
      5 51.0
      1 50.92
      2 50.88
      1 50.83
      2 50.82
      1 50.8
      1 50.7
      1 50.68
      1 50.65
      5 50.5
      1 50.35
      1 50.25
      1 50.24
      1 50.2
      2 50.16
      1 50.09
      5 50.08
      3 50.06
      2 50.05
      1 50.02
    110 50.0
      1 49.98
      1 49.95
      1 49.93
      2 49.78
      1 49.7
      1 49.65
      2 49.58
      1 49.51
      1 49.5
      1 49.47
      1 49.38
      1 49.36
      1 49.35
      1 49.21
      1 49.18
      1 49.15
      1 49.11
      1 49.05
      5 49.0
      2 48.99
      2 48.65
      1 48.61
      1 48.6
      1 48.58
      1 48.56
      1 48.51
      1 48.48
      1 48.43
      1 48.31
      1 48.28
      1 48.26
      1 48.2
      1 48.16
      1 48.06
      1 48.05
      2 48.01
      7 48.0
      1 47.88
      1 47.56
      1 47.49
      1 47.48
      1 47.28
      2 47.25
      1 47.2
      1 47.16
      1 47.1
      2 47.08
      3 47.06
      1 47.05
      2 47.01
      7 47.0
      2 46.96
      1 46.95
      1 46.9
      1 46.7
      1 46.68
      1 46.64
      1 46.6
      2 46.56
      1 46.38
      1 46.31
      1 46.23
      1 46.15
      1 46.08
      3 46.06
      2 46.05
      1 46.03
      4 46.0
      1 45.99
      1 45.96
      1 45.88
      1 45.84
      2 45.8
      1 45.75
      2 45.72
      2 45.58
      1 45.41
      6 45.4
      1 45.36
      1 45.3
      1 45.24
      1 45.22
      1 45.2
      1 45.18
      1 45.14
      1 45.13
      4 45.09
      3 45.08
      1 45.06
      4 45.05
      1 45.04
      2 45.01
     29 45.0
      1 44.98
      1 44.96
      1 44.9
      2 44.85
      1 44.8
      1 44.7
      1 44.66
      1 44.61
      1 44.49
      1 44.46
      3 44.44
      1 44.38
      1 44.35
      1 44.25
      1 44.16
      1 44.15
      1 44.13
      1 44.08
      1 44.06
      2 44.05
     10 44.0
      1 43.98
      1 43.96
      2 43.95
      1 43.89
      1 43.86
      1 43.83
      1 43.71
      1 43.7
      1 43.68
      1 43.59
      1 43.56
      1 43.48
      1 43.47
      2 43.45
      1 43.44
      2 43.38
      1 43.36
      1 43.22
      1 43.2
      1 43.16
      1 43.1
      2 43.06
      4 43.0
      1 42.91
      2 42.84
      1 42.82
      1 42.76
      1 42.73
      1 42.7
      2 42.66
      1 42.65
      1 42.61
      1 42.56
      1 42.51
      1 42.5
      1 42.43
      1 42.42
      1 42.4
      1 42.38
      1 42.36
      1 42.3
      1 42.29
      1 42.23
      1 42.2
      1 42.19
      1 42.18
      3 42.09
      1 42.06
      1 42.05
     13 42.0
      1 41.96
      1 41.88
      1 41.86
      1 41.8
      1 41.79
      1 41.78
      1 41.71
      1 41.7
      1 41.68
      1 41.61
      1 41.6
      1 41.56
      1 41.55
      1 41.51
      1 41.49
      2 41.48
      1 41.45
      4 41.38
      1 41.3
      3 41.28
      1 41.26
      2 41.25
      1 41.23
      1 41.22
      2 41.2
      3 41.16
      1 41.12
      1 41.11
      1 41.06
      2 41.05
      1 41.04
      1 41.01
      6 41.0
      1 40.98
      1 40.96
      2 40.95
      1 40.88
      1 40.82
      3 40.8
      2 40.7
      1 40.66
      1 40.61
      1 40.59
      2 40.56
      1 40.54
      1 40.5
      1 40.48
      2 40.4
      1 40.36
      1 40.35
      1 40.33
      1 40.22
      1 40.2
      6 40.16
      1 40.14
      3 40.1
      4 40.08
      8 40.06
      2 40.05
      1 40.04
    138 40.0
      1 39.96
      2 39.88
      2 39.86
      1 39.84
      1 39.82
      1 39.8
      1 39.78
      1 39.76
      1 39.73
      2 39.7
      1 39.69
      1 39.66
      1 39.64
      1 39.62
      1 39.58
      1 39.56
      5 39.48
      2 39.45
      1 39.44
      1 39.43
      2 39.41
      1 39.39
      1 39.36
      3 39.25
      2 39.24
      1 39.22
      2 39.06
      6 39.0
      2 38.98
      2 38.88
      1 38.83
      1 38.82
      1 38.8
      2 38.76
      1 38.71
      1 38.65
      1 38.63
      1 38.61
      1 38.6
      2 38.58
      1 38.51
      2 38.5
      2 38.48
      1 38.45
      2 38.38
      1 38.35
      1 38.34
      1 38.33
      2 38.32
      1 38.31
      2 38.28
      1 38.26
      2 38.25
      2 38.2
      1 38.19
      1 38.16
      1 38.12
      1 38.1
      1 38.08
      3 38.06
      1 38.05
      1 38.04
      1 38.01
     10 38.0
      1 37.95
      1 37.92
      1 37.9
      3 37.88
      1 37.86
      1 37.83
      1 37.8
      1 37.78
      1 37.77
      3 37.76
      1 37.74
      4 37.7
      2 37.66
      1 37.64
      1 37.61
      1 37.6
      3 37.58
      1 37.46
      1 37.45
      2 37.38
      1 37.36
      4 37.35
      2 37.28
      2 37.26
      2 37.25
      2 37.18
      4 37.16
      1 37.15
      1 37.14
      1 37.13
      1 37.1
      2 37.06
      2 37.05
      5 37.0
      1 36.99
      1 36.96
      1 36.95
      1 36.82
      1 36.78
      1 36.75
      1 36.71
      3 36.7
      1 36.69
      1 36.68
      1 36.66
      2 36.55
      1 36.53
      1 36.51
      1 36.5
      1 36.47
      2 36.45
      1 36.44
      1 36.4
      2 36.38
      1 36.36
      1 36.33
      1 36.32
      1 36.3
      3 36.28
      1 36.26
      1 36.25
      2 36.24
      2 36.23
      3 36.2
      5 36.16
      1 36.13
      1 36.12
      1 36.1
      2 36.09
      6 36.06
      2 36.05
      1 36.02
     14 36.0
      1 35.99
      2 35.98
      1 35.96
      1 35.94
      1 35.9
      3 35.88
      1 35.87
      2 35.86
      1 35.83
      1 35.8
      2 35.78
      1 35.76
      1 35.75
      1 35.67
      1 35.62
      1 35.61
      2 35.6
      1 35.56
      1 35.55
      1 35.51
      1 35.48
      1 35.45
      1 35.43
      1 35.39
      3 35.38
      1 35.36
      1 35.35
      1 35.31
      1 35.3
      1 35.28
      2 35.26
      3 35.25
      2 35.2
      1 35.19
      1 35.18
      4 35.16
      1 35.15
      3 35.08
      1 35.06
      1 35.05
      1 35.04
      1 35.03
      2 35.01
     71 35.0
      1 34.99
      1 34.86
      1 34.83
      2 34.8
      2 34.78
      1 34.76
      1 34.75
      3 34.74
      2 34.71
      2 34.68
      4 34.66
      1 34.64
      1 34.63
      1 34.6
      1 34.59
      2 34.56
      3 34.55
      1 34.52
      2 34.45
      1 34.42
      1 34.39
      1 34.33
      1 34.31
      1 34.3
      1 34.29
      1 34.26
      3 34.2
      3 34.18
      2 34.16
      1 34.15
      1 34.14
      2 34.11
      1 34.1
      1 34.08
      1 34.05
      1 34.03
      1 34.02
     10 34.0
      1 33.99
      3 33.98
      4 33.95
      1 33.91
      4 33.88
      2 33.86
      1 33.84
      1 33.82
      1 33.81
      5 33.8
      3 33.78
      1 33.76
      1 33.74
      1 33.72
      3 33.7
      2 33.68
      2 33.66
      1 33.64
      2 33.61
      1 33.6
      1 33.56
      2 33.55
      1 33.54
      1 33.51
      4 33.5
      2 33.48
      2 33.45
      1 33.43
      4 33.39
      5 33.38
      2 33.36
      3 33.35
      2 33.33
      2 33.3
      3 33.28
      1 33.25
      1 33.24
      2 33.2
      2 33.18
      6 33.16
      1 33.13
      2 33.1
      1 33.09
      3 33.08
      2 33.06
      1 33.05
      1 33.01
     20 33.0
      2 32.98
      1 32.95
      1 32.91
      2 32.86
      3 32.85
      1 32.82
      1 32.8
      2 32.79
      1 32.78
      2 32.76
      1 32.75
      1 32.71
      4 32.7
      3 32.68
      3 32.66
      1 32.65
      1 32.64
      1 32.63
      2 32.61
      2 32.6
      1 32.58
      1 32.56
      4 32.55
      1 32.51
      2 32.5
      3 32.49
      3 32.48
      1 32.47
      2 32.46
      1 32.45
      3 32.38
      3 32.36
      1 32.35
      1 32.34
      1 32.32
      2 32.3
      2 32.28
      1 32.26
      1 32.25
      1 32.21
      2 32.2
      3 32.19
      5 32.16
      2 32.15
      1 32.11
      1 32.1
      4 32.08
      6 32.06
      6 32.05
      3 32.04
      1 32.03
      1 32.01
     16 32.0
      3 31.98
      2 31.96
      1 31.95
      1 31.89
      5 31.88
      2 31.85
      1 31.82
      2 31.81
      2 31.8
      3 31.78
      2 31.7
      3 31.68
      1 31.66
      1 31.65
      2 31.6
      1 31.59
      1 31.58
      2 31.57
      1 31.55
      1 31.52
      1 31.5
      2 31.45
      2 31.41
      5 31.4
      3 31.38
      2 31.35
      1 31.32
      2 31.31
      2 31.29
      6 31.28
      2 31.27
      1 31.26
      2 31.25
      3 31.23
      1 31.22
      1 31.21
      1 31.2
      1 31.18
      1 31.17
      1 31.16
      2 31.15
      3 31.1
      2 31.06
      1 31.04
      2 31.03
      4 31.0
      6 30.99
      1 30.9
      2 30.88
      1 30.86
      3 30.84
      1 30.83
      2 30.82
      1 30.81
      6 30.8
      2 30.78
      3 30.76
      1 30.75
      4 30.73
      6 30.7
      2 30.69
      1 30.68
      4 30.66
      1 30.65
      3 30.61
      3 30.6
      2 30.58
      6 30.56
      1 30.55
      2 30.51
      1 30.5
      3 30.48
      1 30.46
      2 30.39
      3 30.38
      1 30.36
      1 30.33
      2 30.32
      4 30.3
      1 30.29
      6 30.28
      1 30.26
      1 30.25
      3 30.24
      1 30.22
      8 30.2
      2 30.18
     10 30.16
      3 30.15
      1 30.11
      3 30.09
      6 30.08
      3 30.07
     16 30.06
     12 30.05
      2 30.03
      1 30.02
      1 30.01
    272 30.0
      1 29.99
      5 29.98
      4 29.96
      2 29.95
      3 29.94
      1 29.9
      3 29.88
      3 29.86
      3 29.85
      1 29.84
      1 29.83
      4 29.82
      3 29.81
      3 29.8
      1 29.79
      4 29.78
      1 29.76
      5 29.75
      1 29.73
      1 29.72
      1 29.7
      4 29.66
      2 29.64
      1 29.63
      2 29.61
      1 29.6
      1 29.59
      5 29.58
      1 29.56
      3 29.55
      2 29.5
      2 29.49
      3 29.48
      1 29.47
      2 29.46
      3 29.45
      1 29.44
      1 29.41
      4 29.38
      2 29.36
      6 29.35
      1 29.34
      2 29.32
      1 29.31
      3 29.3
      3 29.28
      1 29.26
      1 29.22
      1 29.21
      3 29.2
      2 29.19
      2 29.18
      8 29.16
      2 29.15
      3 29.11
      3 29.1
      7 29.08
      4 29.06
      6 29.05
      4 29.04
     12 29.0
      2 28.98
      3 28.96
      9 28.95
      1 28.91
      2 28.89
      4 28.88
      4 28.86
      5 28.85
      1 28.83
      5 28.82
      1 28.81
      1 28.8
      2 28.78
      2 28.76
      2 28.75
      2 28.74
      2 28.71
      2 28.7
      3 28.68
      2 28.66
      1 28.65
      1 28.62
      3 28.61
      7 28.6
      1 28.59
      2 28.58
      1 28.57
      8 28.56
      4 28.55
      1 28.53
      2 28.51
      2 28.5
      4 28.48
      1 28.47
      1 28.46
      5 28.45
      1 28.44
      1 28.42
      3 28.4
      4 28.38
      6 28.36
      2 28.35
      1 28.34
      1 28.33
      2 28.32
      4 28.31
      3 28.3
      3 28.29
      7 28.28
      4 28.26
      4 28.25
      6 28.2
      3 28.18
      9 28.16
      4 28.14
      1 28.13
      1 28.12
      2 28.11
      1 28.1
      1 28.08
     14 28.06
      8 28.05
      2 28.03
      2 28.02
      2 28.01
     34 28.0
      6 27.99
      3 27.98
      1 27.97
      1 27.96
      8 27.95
      2 27.93
      1 27.92
      6 27.91
      1 27.9
      1 27.88
      3 27.86
      1 27.85
      4 27.84
      5 27.82
      1 27.81
      5 27.8
      4 27.78
      1 27.77
      3 27.76
      4 27.75
      1 27.73
      1 27.71
     13 27.7
      2 27.69
      3 27.68
      3 27.66
      5 27.65
      1 27.62
      2 27.61
      3 27.6
      3 27.58
      1 27.57
      4 27.56
      4 27.55
      4 27.54
      3 27.51
      3 27.5
      6 27.48
      3 27.46
      4 27.45
      1 27.41
      2 27.39
     11 27.38
      4 27.35
      1 27.32
      2 27.31
      2 27.3
      5 27.28
      4 27.26
      1 27.25
      3 27.24
     11 27.2
      1 27.19
      3 27.18
      3 27.16
      1 27.15
      1 27.12
      1 27.11
      1 27.1
      3 27.09
      7 27.08
      6 27.06
      9 27.05
      2 27.01
     22 27.0
      6 26.98
      6 26.95
      5 26.94
      3 26.92
      1 26.9
      3 26.88
      2 26.86
      3 26.85
      4 26.82
      3 26.81
      4 26.8
      3 26.79
      2 26.78
      9 26.76
      4 26.75
      1 26.72
      5 26.7
      5 26.68
     12 26.66
      2 26.65
      6 26.64
      5 26.6
      1 26.59
      9 26.58
      1 26.57
      5 26.56
      3 26.55
      1 26.54
      2 26.53
      1 26.52
      2 26.51
      3 26.5
      4 26.49
      3 26.48
      3 26.46
      6 26.45
      1 26.44
      1 26.43
      2 26.42
      1 26.41
      1 26.4
      3 26.38
      1 26.37
      1 26.36
      4 26.35
      7 26.34
      1 26.33
      5 26.32
      1 26.31
      5 26.3
      4 26.28
      7 26.26
      5 26.25
      1 26.24
      2 26.23
      6 26.2
      3 26.19
      1 26.18
      8 26.16
      9 26.15
      5 26.08
     10 26.06
     11 26.05
      7 26.04
      1 26.02
      2 26.01
     21 26.0
      2 25.98
      5 25.96
      4 25.95
      2 25.92
      2 25.9
      2 25.89
      7 25.88
      6 25.86
      6 25.85
      1 25.84
      5 25.82
      1 25.81
     10 25.8
      6 25.78
      2 25.77
      5 25.76
      6 25.75
      6 25.74
      2 25.73
      1 25.71
     14 25.7
      1 25.69
      2 25.68
      4 25.66
      3 25.65
      1 25.64
      1 25.63
      2 25.6
      5 25.59
      9 25.58
      2 25.57
      7 25.56
     10 25.55
      5 25.51
      7 25.5
      8 25.48
      3 25.46
      7 25.45
      7 25.44
      2 25.41
      6 25.4
      7 25.38
      1 25.37
     13 25.36
      4 25.35
      2 25.33
      5 25.32
      2 25.3
      4 25.29
      7 25.28
      4 25.26
      8 25.25
      1 25.22
      1 25.21
     15 25.2
      4 25.18
      2 25.17
      7 25.16
      5 25.15
      7 25.14
      2 25.12
      1 25.11
      4 25.1
     12 25.08
      2 25.07
     11 25.06
     20 25.05
      1 25.04
      2 25.03
      6 25.02
      1 25.01
    389 25.0
      9 24.99
      7 24.98
      2 24.96
      7 24.95
      1 24.93
      1 24.91
      2 24.9
     10 24.88
      3 24.86
      6 24.85
     10 24.84
      7 24.82
      1 24.81
      7 24.8
      2 24.79
      3 24.78
      6 24.76
      2 24.75
      5 24.73
      1 24.71
     15 24.7
      4 24.69
      4 24.68
      7 24.66
      4 24.65
      1 24.64
      1 24.62
      1 24.61
      1 24.6
      9 24.58
      3 24.57
     12 24.56
      8 24.55
      3 24.54
      1 24.52
      6 24.5
      1 24.49
      5 24.48
      4 24.46
     15 24.45
      1 24.44
      2 24.43
      2 24.42
      6 24.4
      5 24.39
      9 24.38
      9 24.36
      5 24.35
      1 24.33
      5 24.32
      1 24.31
      6 24.3
      6 24.28
      6 24.26
      4 24.25
      8 24.24
      3 24.23
      2 24.22
      1 24.21
     11 24.2
      2 24.18
      1 24.17
     14 24.16
     12 24.15
      4 24.13
      2 24.1
      4 24.09
     17 24.08
      3 24.07
     27 24.06
     13 24.05
      1 24.04
      1 24.03
      1 24.02
      2 24.01
     18 24.0
      6 23.98
      1 23.97
      4 23.96
      6 23.95
      3 23.94
      3 23.92
     12 23.9
      1 23.89
      5 23.88
     13 23.86
      5 23.85
      1 23.84
      4 23.83
     17 23.82
      1 23.81
      8 23.8
      4 23.79
      3 23.78
      8 23.76
     11 23.75
      1 23.74
      1 23.73
      1 23.72
      1 23.71
     14 23.7
      4 23.68
     10 23.66
      8 23.65
      3 23.64
      1 23.62
      2 23.61
     10 23.6
     10 23.58
      1 23.57
     12 23.56
      8 23.55
      1 23.54
      2 23.53
      1 23.52
      2 23.51
      3 23.5
      6 23.49
      7 23.48
      6 23.46
     21 23.45
      1 23.44
      2 23.43
      2 23.42
      7 23.4
      2 23.39
      7 23.38
      9 23.36
      5 23.35
     11 23.34
      1 23.33
     17 23.32
      1 23.31
      9 23.3
      7 23.28
      1 23.27
     11 23.26
     11 23.25
      1 23.24
      2 23.23
      3 23.22
     15 23.2
      7 23.19
      5 23.18
     18 23.16
     14 23.15
      1 23.14
      4 23.12
      1 23.11
      3 23.1
      9 23.08
      3 23.07
     14 23.06
     13 23.05
      5 23.04
      1 23.02
      3 23.01
     31 23.0
      1 22.99
      9 22.98
      9 22.96
     17 22.95
      3 22.93
      2 22.92
      1 22.91
      5 22.9
      7 22.89
      2 22.88
     12 22.86
     11 22.85
      1 22.83
      5 22.82
      1 22.81
     18 22.8
      8 22.78
      1 22.77
     28 22.76
      7 22.75
      7 22.74
      1 22.73
      1 22.71
     18 22.7
      4 22.68
     17 22.66
     12 22.65
      3 22.63
      2 22.62
      4 22.61
      7 22.6
     12 22.59
     18 22.58
      3 22.57
     12 22.56
     18 22.55
      1 22.54
      1 22.52
      3 22.51
      8 22.5
      9 22.48
     11 22.46
     19 22.45
      3 22.44
      3 22.41
     14 22.4
      6 22.38
     12 22.36
      7 22.35
      1 22.33
     15 22.32
      1 22.31
     13 22.3
      3 22.29
      5 22.28
     12 22.26
     12 22.25
      1 22.24
      1 22.23
     15 22.22
      4 22.21
     26 22.2
      7 22.18
      1 22.17
     31 22.16
     21 22.15
      5 22.14
      2 22.12
     11 22.1
      1 22.09
     15 22.08
      2 22.07
     27 22.06
     20 22.05
      3 22.03
      3 22.02
      3 22.01
    127 22.0
     12 21.99
      9 21.98
      1 21.97
     10 21.96
     26 21.95
      4 21.93
      5 21.92
      7 21.9
      9 21.88
      1 21.87
     19 21.86
     11 21.85
      7 21.84
      1 21.83
     17 21.82
      1 21.81
     12 21.8
      3 21.79
      4 21.78
      2 21.77
     12 21.76
     10 21.75
      7 21.73
      3 21.72
      2 21.71
     22 21.7
     11 21.69
      5 21.68
      2 21.67
     27 21.66
     14 21.65
      1 21.64
      7 21.62
      3 21.61
      4 21.6
     22 21.58
      2 21.57
     12 21.56
      9 21.55
      4 21.54
      1 21.53
      2 21.51
     15 21.5
     12 21.48
     10 21.46
     29 21.45
      1 21.44
      3 21.43
     10 21.4
      6 21.39
      7 21.38
      1 21.37
     19 21.36
     14 21.35
      2 21.33
     18 21.32
      3 21.31
     25 21.3
      2 21.29
     11 21.28
     18 21.26
      9 21.25
      6 21.24
      3 21.22
      3 21.21
     28 21.2
      1 21.19
      9 21.18
      1 21.17
     26 21.16
     11 21.15
      2 21.14
      3 21.13
      5 21.12
      8 21.11
      5 21.1
     12 21.09
     13 21.08
      7 21.07
     38 21.06
     25 21.05
      3 21.03
      1 21.02
      3 21.01
     38 21.0
      1 20.99
      9 20.98
     15 20.96
     39 20.95
      9 20.94
      1 20.93
      1 20.91
      8 20.9
      1 20.89
      6 20.88
     18 20.86
     19 20.85
      4 20.84
      5 20.83
     24 20.82
      3 20.81
     27 20.8
     13 20.79
      8 20.78
      3 20.77
     32 20.76
     20 20.75
      1 20.74
      6 20.73
      6 20.72
      1 20.71
     29 20.7
      1 20.69
      8 20.68
     44 20.66
     20 20.65
     16 20.64
      3 20.62
      3 20.61
      9 20.6
      1 20.59
     22 20.58
      7 20.57
     50 20.56
     25 20.55
      2 20.54
      1 20.53
      1 20.52
      2 20.51
     15 20.5
     13 20.49
     12 20.48
      1 20.47
     21 20.46
     39 20.45
      1 20.44
      3 20.43
      4 20.42
      9 20.4
      1 20.39
     15 20.38
     16 20.36
     22 20.35
      4 20.34
      2 20.33
     21 20.32
      2 20.31
     16 20.3
      5 20.28
      1 20.27
     35 20.26
     14 20.25
      2 20.24
      3 20.23
      4 20.22
      1 20.21
     39 20.2
     12 20.19
      5 20.18
      1 20.17
     63 20.16
     25 20.15
      5 20.14
      2 20.13
      2 20.12
      9 20.1
      1 20.09
     34 20.08
      7 20.07
     70 20.06
     42 20.05
      9 20.04
     17 20.02
      2 20.01
   1641 20.0
     12 19.98
      1 19.97
     36 19.96
     43 19.95
      5 19.94
      5 19.93
      4 19.92
      4 19.91
     11 19.9
     16 19.89
      8 19.88
      5 19.87
     26 19.86
     20 19.85
      3 19.84
      3 19.83
     16 19.82
      1 19.81
     19 19.8
      2 19.79
    410 19.78
      1 19.77
     30 19.76
    193 19.75
     51 19.74
      2 19.73
      4 19.72
      1 19.71
     23 19.7
      2 19.69
      8 19.68
      5 19.67
     40 19.66
     20 19.65
      1 19.64
      3 19.63
      2 19.62
      5 19.61
     21 19.6
     25 19.59
     24 19.58
      3 19.57
     46 19.56
     41 19.55
      2 19.54
      1 19.53
      4 19.52
      2 19.51
     12 19.5
      3 19.49
      9 19.48
     32 19.46
     37 19.45
      4 19.44
      3 19.43
      6 19.42
      1 19.41
     18 19.4
      1 19.39
     12 19.38
      1 19.37
     45 19.36
     13 19.35
      5 19.34
      7 19.33
     19 19.32
      2 19.31
     19 19.3
     10 19.29
      6 19.28
      2 19.27
     56 19.26
     24 19.25
      2 19.24
      2 19.23
     11 19.22
      2 19.21
     28 19.2
      2 19.19
     12 19.18
      1 19.17
     69 19.16
     42 19.15
     13 19.14
      4 19.12
      1 19.11
     12 19.1
      3 19.09
     26 19.08
      4 19.07
     55 19.06
     49 19.05
      6 19.04
     71 19.03
      9 19.02
      2 19.01
     70 19.0
     10 18.99
      9 18.98
      1 18.97
     32 18.96
     52 18.95
      1 18.94
      3 18.93
      3 18.92
      1 18.91
     13 18.9
     21 18.88
      1 18.87
     56 18.86
     25 18.85
     17 18.84
     26 18.82
      4 18.81
     31 18.8
      1 18.79
     10 18.78
      2 18.77
     55 18.76
     32 18.75
     11 18.73
      8 18.72
      1 18.71
     25 18.7
     24 18.69
     14 18.68
      2 18.67
     57 18.66
     33 18.65
      4 18.64
      1 18.63
      2 18.62
      5 18.61
     19 18.6
      1 18.59
     40 18.58
      5 18.57
     49 18.56
     48 18.55
     12 18.54
      9 18.52
      7 18.51
     22 18.5
     23 18.48
      1 18.47
     59 18.46
     60 18.45
      1 18.44
   1540 18.43
      2 18.42
      4 18.41
    547 18.4
     12 18.39
      9 18.38
      3 18.37
     51 18.36
     30 18.35
      5 18.34
      2 18.33
     44 18.32
      2 18.31
     30 18.3
      4 18.29
     24 18.28
     56 18.26
     38 18.25
     15 18.24
      4 18.23
      3 18.22
      3 18.21
     37 18.2
      2 18.19
      6 18.18
      1 18.17
     86 18.16
     50 18.15
      3 18.14
     14 18.13
      4 18.12
      5 18.11
     19 18.1
     11 18.09
     32 18.08
      6 18.07
     80 18.06
     78 18.05
      6 18.04
      3 18.03
      4 18.02
      5 18.01
    233 18.0
     27 17.98
      4 17.97
     59 17.96
     63 17.95
    154 17.94
      2 17.93
      2 17.92
      2 17.91
     74 17.9
      1 17.89
      8 17.88
      2 17.87
     75 17.86
     38 17.85
      3 17.84
     11 17.83
     27 17.82
      2 17.81
     23 17.8
      6 17.79
     13 17.78
      1 17.77
     64 17.76
     29 17.75
      5 17.74
      6 17.73
      3 17.72
      3 17.71
     46 17.7
      4 17.69
    212 17.68
     69 17.66
    119 17.65
     17 17.64
      2 17.63
      2 17.62
      8 17.61
     24 17.6
      3 17.59
     41 17.58
      6 17.57
     65 17.56
     59 17.55
      4 17.54
     16 17.53
      7 17.51
     26 17.5
     10 17.49
     18 17.48
      2 17.47
     65 17.46
     69 17.45
      1 17.44
      3 17.43
      7 17.42
      2 17.41
     23 17.4
      1 17.39
     29 17.38
      3 17.37
     70 17.36
     46 17.35
     11 17.34
     45 17.32
      6 17.31
     24 17.3
      5 17.29
     15 17.28
      3 17.27
     56 17.26
     43 17.25
     10 17.24
     29 17.23
      5 17.22
      2 17.21
     81 17.2
     27 17.19
     19 17.18
      1 17.17
    133 17.16
     70 17.15
      2 17.14
      4 17.13
     17 17.12
      5 17.11
     25 17.1
      1 17.09
     78 17.08
      6 17.07
     94 17.06
     65 17.05
     19 17.04
      2 17.03
      7 17.02
      2 17.01
    132 17.0
      2 16.99
     30 16.98
      3 16.97
     74 16.96
     86 16.95
      5 16.94
     14 16.93
      7 16.92
      8 16.91
     31 16.9
     15 16.89
     26 16.88
     99 16.86
     40 16.85
      8 16.84
      1 16.83
     25 16.82
      5 16.81
     30 16.8
     40 16.78
    101 16.76
     62 16.75
     22 16.74
     16 16.73
     10 16.72
      5 16.71
     52 16.7
      3 16.69
     21 16.68
    117 16.66
     36 16.65
      7 16.64
     27 16.63
      6 16.62
      5 16.61
     36 16.6
    535 16.59
     31 16.58
      6 16.57
     98 16.56
    323 16.55
      7 16.54
      1 16.53
      3 16.52
      9 16.51
     27 16.5
      8 16.49
   1779 16.48
      2 16.47
     78 16.46
    731 16.45
     23 16.44
      1 16.43
      7 16.42
      5 16.41
     27 16.4
     18 16.39
     24 16.38
      1 16.37
    101 16.36
     57 16.35
      3 16.34
     37 16.33
    149 16.32
      8 16.31
     82 16.3
     19 16.29
     13 16.28
      1 16.27
     84 16.26
     74 16.25
      5 16.24
     15 16.23
      7 16.22
      8 16.21
     51 16.2
     49 16.18
    130 16.16
     77 16.15
     22 16.14
      2 16.13
      7 16.12
      5 16.11
     43 16.1
      3 16.09
     36 16.08
      6 16.07
    141 16.06
     87 16.05
      3 16.04
     35 16.03
      2 16.02
      1 16.01
    215 16.0
     30 15.99
     47 15.98
     94 15.96
    105 15.95
      6 15.94
      3 15.93
      4 15.92
      1 15.91
     19 15.9
      2 15.89
     61 15.88
      1 15.87
    286 15.86
    157 15.85
     66 15.84
      2 15.83
     53 15.82
      3 15.81
     77 15.8
      1 15.79
     15 15.78
      5 15.77
    105 15.76
     56 15.75
      4 15.74
     64 15.73
      9 15.72
      5 15.71
    126 15.7
     23 15.69
     15 15.68
    112 15.66
     69 15.65
      3 15.64
      6 15.63
      9 15.62
      1 15.61
     40 15.6
      4 15.59
    143 15.58
      5 15.57
    124 15.56
    117 15.55
     31 15.54
      3 15.53
      3 15.52
      7 15.51
     61 15.5
      5 15.49
     64 15.48
      2 15.47
     90 15.46
     74 15.45
      1 15.44
     65 15.43
      7 15.42
      1 15.41
     49 15.4
     24 15.39
     36 15.38
      8 15.37
   5795 15.36
   3378 15.35
      5 15.34
      2 15.33
     35 15.32
      5 15.31
     32 15.3
      2 15.29
     65 15.28
      1 15.27
    145 15.26
     67 15.25
     41 15.24
     33 15.23
      2 15.22
      7 15.21
     76 15.2
     28 15.18
    151 15.16
     77 15.15
      5 15.14
     65 15.13
      5 15.12
      5 15.11
     95 15.1
     36 15.09
     73 15.08
      7 15.07
    160 15.06
    124 15.05
      8 15.04
      5 15.03
      7 15.02
     20 15.01
   2683 15.0
      5 14.99
    110 14.98
      4 14.97
     86 14.96
    574 14.95
     25 14.94
      5 14.93
      6 14.92
      6 14.91
    198 14.9
      2 14.89
     59 14.88
      3 14.87
    137 14.86
     60 14.85
      1 14.84
     70 14.83
     39 14.82
      3 14.81
     45 14.8
     24 14.79
     44 14.78
      1 14.77
    103 14.76
     47 14.75
      2 14.74
    823 14.73
      4 14.72
      6 14.71
    342 14.7
     89 14.68
    162 14.66
     77 14.65
     38 14.64
      7 14.63
      3 14.62
      5 14.61
     76 14.6
      1 14.59
     61 14.58
      9 14.57
    150 14.56
     57 14.55
      3 14.54
     61 14.53
      6 14.52
      6 14.51
     43 14.5
     35 14.49
     83 14.48
      3 14.47
    147 14.46
    117 14.45
     12 14.44
      4 14.43
      4 14.42
     11 14.41
     47 14.4
    116 14.38
      1 14.37
    204 14.36
    109 14.35
     32 14.34
      4 14.33
     89 14.32
      1 14.31
     61 14.3
      3 14.29
     52 14.28
      1 14.27
    120 14.26
     70 14.25
      1 14.24
    134 14.23
      7 14.22
      5 14.21
    109 14.2
     34 14.19
     32 14.18
      5 14.17
    179 14.16
    108 14.15
      6 14.14
      9 14.13
      7 14.12
      3 14.11
     89 14.1
      3 14.09
    180 14.08
     10 14.07
    163 14.06
    126 14.05
     34 14.04
      5 14.02
      7 14.01
    418 14.0
      1 13.99
    142 13.98
      2 13.97
    170 13.96
    183 13.95
      5 13.94
     92 13.93
      5 13.92
      4 13.91
     81 13.9
     46 13.89
     45 13.88
      2 13.87
    245 13.86
    165 13.85
     14 13.84
     11 13.83
   2002 13.82
      3 13.81
    804 13.8
      1 13.79
    149 13.78
      7 13.77
    281 13.76
     92 13.75
     62 13.74
    115 13.73
      8 13.72
      2 13.71
    154 13.7
      1 13.69
     62 13.68
      3 13.67
    285 13.66
    126 13.65
      4 13.64
     98 13.63
      9 13.62
      8 13.61
    192 13.6
     53 13.59
    128 13.58
      9 13.57
    213 13.56
    110 13.55
      9 13.54
      6 13.53
      6 13.52
     40 13.51
     84 13.5
    271 13.48
      7 13.47
    135 13.46
    218 13.45
     56 13.44
      3 13.43
      3 13.42
      2 13.41
     50 13.4
      2 13.39
     66 13.38
      4 13.37
    272 13.36
    125 13.35
     31 13.34
    128 13.33
     98 13.32
     96 13.3
     55 13.29
     72 13.28
     11 13.27
    173 13.26
    135 13.25
     70 13.24
    155 13.23
     11 13.22
      6 13.21
    365 13.2
      2 13.19
   8326 13.18
     13 13.17
    709 13.16
   3118 13.15
     55 13.14
      7 13.13
     11 13.12
     78 13.11
    268 13.1
      1 13.09
    160 13.08
      9 13.07
    677 13.06
    319 13.05
      4 13.04
    120 13.03
      7 13.02
      9 13.01
    616 13.0
     54 12.99
    265 12.98
      1 12.97
    215 12.96
    193 12.95
     12 12.94
      3 12.93
      8 12.92
     11 12.91
     43 12.9
      4 12.89
    204 12.88
      1 12.87
    252 12.86
    205 12.85
     67 12.84
      2 12.83
     79 12.82
      2 12.81
    106 12.8
    112 12.78
      3 12.77
    161 12.76
     79 12.75
      1 12.74
    289 12.73
      4 12.72
      1 12.71
    227 12.7
     54 12.69
    819 12.68
      1 12.67
    194 12.66
    414 12.65
      5 12.64
      4 12.63
      6 12.62
     12 12.61
    272 12.6
      1 12.59
    333 12.58
     23 12.57
    429 12.56
    155 12.55
     68 12.54
      1 12.53
     12 12.52
      9 12.51
    143 12.5
      1 12.49
    302 12.48
    383 12.46
    355 12.45
     34 12.44
    125 12.43
      9 12.42
      1 12.41
    125 12.4
     69 12.39
    147 12.38
      1 12.37
    378 12.36
    238 12.35
     44 12.34
      3 12.33
     95 12.32
      3 12.31
    115 12.3
      6 12.29
  33997 12.28
      5 12.27
    135 12.26
  12536 12.25
     67 12.24
    228 12.23
     18 12.22
    343 12.21
    288 12.2
      2 12.19
    169 12.18
      2 12.17
    179 12.16
    129 12.15
      4 12.14
    139 12.13
     16 12.12
     10 12.11
    391 12.1
     74 12.09
    295 12.08
      7 12.07
    193 12.06
    217 12.05
      5 12.04
      8 12.03
     17 12.02
      5 12.01
   2304 12.0
      3 11.99
    553 11.98
      6 11.97
   1814 11.96
   1015 11.95
     87 11.94
      3 11.93
      6 11.92
      5 11.91
    107 11.9
      4 11.89
    201 11.88
     40 11.87
    345 11.86
    257 11.85
      1 11.84
    127 11.83
    110 11.82
      4 11.81
    132 11.8
     85 11.79
   3644 11.78
      1 11.77
    163 11.76
   1308 11.75
      7 11.74
    282 11.73
      7 11.72
     53 11.71
    270 11.7
      1 11.69
    388 11.68
     11 11.67
    172 11.66
    233 11.65
     91 11.64
      2 11.63
      4 11.62
     12 11.61
    453 11.6
      1 11.59
    385 11.58
     19 11.57
    187 11.56
    217 11.55
      2 11.54
    119 11.53
     23 11.52
      9 11.51
    123 11.5
    106 11.49
    591 11.48
    281 11.46
    487 11.45
      5 11.44
      4 11.43
     15 11.42
      7 11.41
     77 11.4
      3 11.39
    394 11.38
      2 11.37
    492 11.36
    432 11.35
     98 11.34
      4 11.33
    153 11.32
     13 11.31
    121 11.3
      3 11.29
    346 11.28
      2 11.27
    202 11.26
    212 11.25
      3 11.24
    506 11.23
     16 11.22
     10 11.21
    370 11.2
    125 11.19
    354 11.18
      4 11.17
    275 11.16
    351 11.15
     10 11.14
      6 11.13
     15 11.12
     84 11.11
    602 11.1
      3 11.09
    713 11.08
     34 11.07
   8726 11.06
   3644 11.05
    138 11.04
      1 11.03
     12 11.02
      8 11.01
   1211 11.0
      3 10.99
    877 10.98
      2 10.97
    279 10.96
    609 10.95
      2 10.94
    105 10.93
     15 10.92
      3 10.91
    139 10.9
    137 10.89
    523 10.88
      1 10.87
    688 10.86
    518 10.85
      5 10.84
      2 10.83
    170 10.82
      5 10.81
    221 10.8
      2 10.79
    597 10.78
     10 10.77
    329 10.76
    333 10.75
    136 10.74
    434 10.73
     10 10.72
      5 10.71
    505 10.7
      3 10.69
    564 10.68
      2 10.67
    321 10.66
    386 10.65
      7 10.64
     97 10.63
     12 10.62
     36 10.61
    653 10.6
    147 10.59
    816 10.58
     24 10.57
    837 10.56
    617 10.55
      5 10.54
      4 10.53
     23 10.52
      7 10.51
     71 10.5
      3 10.49
   1176 10.48
      5 10.47
    359 10.46
    801 10.45
    170 10.44
      3 10.43
      5 10.42
      6 10.41
    174 10.4
      6 10.39
    625 10.38
      2 10.37
    735 10.36
    662 10.35
      4 10.34
     86 10.33
    213 10.32
     11 10.31
    166 10.3
    152 10.29
    727 10.28
      1 10.27
    369 10.26
    497 10.25
      7 10.24
    528 10.23
     11 10.22
      7 10.21
    528 10.2
      1 10.19
    856 10.18
     10 10.17
    408 10.16
    574 10.15
    185 10.14
      3 10.13
     10 10.12
     27 10.11
    847 10.1
      4 10.09
   1156 10.08
     63 10.07
    422 10.06
    576 10.05
     10 10.04
     70 10.03
     42 10.02
     61 10.01
  22065 10.0
    205 9.99
   1319 9.98
      1 9.97
    367 9.96
   1107 9.95
      9 9.94
      1 9.93
      9 9.92
      7 9.91
    145 9.9
    346 9.89
    999 9.88
      8 9.87
    819 9.86
    809 9.85
    172 9.84
     17 9.83
    290 9.82
     11 9.81
    224 9.8
    988 9.78
      5 9.77
    454 9.76
    547 9.75
      4 9.74
    539 9.73
     18 9.72
     15 9.71
    566 9.7
    214 9.69
    999 9.68
    493 9.66
    752 9.65
     13 9.64
      1 9.63
     17 9.62
     12 9.61
    656 9.6
      5 9.59
   1362 9.58
     57 9.57
    503 9.56
    686 9.55
    253 9.54
      8 9.53
     30 9.52
     65 9.51
    216 9.5
      2 9.49
   1462 9.48
      1 9.47
    573 9.46
   1136 9.45
     12 9.44
     43 9.43
     18 9.42
     12 9.41
    156 9.4
    244 9.39
   1216 9.38
      2 9.37
    921 9.36
   1011 9.35
      7 9.34
      9 9.33
    327 9.32
      8 9.31
    156 9.3
      3 9.29
   1305 9.28
      6 9.27
    642 9.26
    833 9.25
    287 9.24
    373 9.23
     15 9.22
   1788 9.21
    653 9.2
      3 9.19
   1337 9.18
      9 9.17
    748 9.16
    953 9.15
     17 9.14
     29 9.13
     19 9.12
     15 9.11
    588 9.1
    316 9.09
   1849 9.08
     58 9.07
    755 9.06
   1158 9.05
      8 9.04
      5 9.03
     26 9.02
     15 9.01
   2466 9.0
     23 8.99
   1799 8.98
     77 8.97
    742 8.96
   1400 8.95
    334 8.94
      1 8.93
     31 8.92
     16 8.91
    362 8.9
     11 8.89
   1812 8.88
      4 8.87
   1001 8.86
   1112 8.85
    239 8.84
     32 8.83
    447 8.82
     21 8.81
    357 8.8
    358 8.79
   1643 8.78
      1 8.77
    725 8.76
   1114 8.75
     12 8.74
    295 8.73
     31 8.72
      8 8.71
    633 8.7
     19 8.69
   1778 8.68
     10 8.67
    793 8.66
   1193 8.65
    362 8.64
      7 8.63
     19 8.62
     76 8.61
    567 8.6
      5 8.59
   2595 8.58
    102 8.57
    797 8.56
   1192 8.55
     24 8.54
     30 8.53
     39 8.52
     21 8.51
    315 8.5
    396 8.49
   2182 8.48
      2 8.47
    835 8.46
   1871 8.45
     10 8.44
      8 8.43
     20 8.42
     22 8.41
    243 8.4
     23 8.39
   1922 8.38
      8 8.37
   1044 8.36
   1246 8.35
    428 8.34
      9 8.33
    534 8.32
     36 8.31
   1015 8.3
     11 8.29
   2025 8.28
      9 8.27
    917 8.26
   1204 8.25
     26 8.24
    203 8.23
     31 8.22
     17 8.21
    727 8.2
    471 8.19
   1969 8.18
      1 8.17
    987 8.16
   1662 8.15
      4 8.14
      5 8.13
     35 8.12
     61 8.11
    219 8.1
     33 8.09
   2766 8.08
    118 8.07
    977 8.06
   1477 8.05
    501 8.04
      6 8.03
     32 8.02
     55 8.01
   9419 8.0
      7 7.99
   2181 7.98
      4 7.97
    997 7.96
   2279 7.95
     35 7.94
     22 7.93
     71 7.92
     35 7.91
     35 7.9
    589 7.89
   2062 7.88
      1 7.87
   1227 7.86
   1614 7.85
     15 7.84
    118 7.83
    605 7.82
     27 7.81
    390 7.8
     38 7.79
   2044 7.78
     64 7.77
   1159 7.76
   1345 7.75
    559 7.74
    117 7.73
     28 7.72
     60 7.71
   1635 7.7
      8 7.69
   2003 7.68
   1212 7.66
   1421 7.65
     48 7.64
     21 7.63
     40 7.62
     31 7.61
    134 7.6
    617 7.59
   2696 7.58
   1370 7.56
   1970 7.55
     23 7.54
      3 7.53
     34 7.52
     30 7.51
    903 7.5
     42 7.49
   1885 7.48
     20 7.47
   1392 7.46
   2533 7.45
    623 7.44
      9 7.43
     24 7.42
     72 7.41
    349 7.4
      1 7.39
   1724 7.38
     89 7.37
   1527 7.36
   1340 7.35
     71 7.34
    193 7.33
    807 7.32
     13 7.31
    400 7.3
    659 7.29
   1698 7.28
      1 7.27
   1652 7.26
   1673 7.25
     30 7.24
     56 7.23
     19 7.22
     13 7.21
   1685 7.2
     83 7.19
   1607 7.18
     22 7.17
   1656 7.16
   1324 7.15
    797 7.14
      6 7.13
     27 7.12
     68 7.11
    482 7.1
      4 7.09
   2668 7.08
     20 7.07
   1892 7.06
   1879 7.05
     60 7.04
     11 7.03
     54 7.02
     44 7.01
   7893 7.0
    840 6.99
   1436 6.98
      3 6.97
   2051 6.96
   3404 6.95
     21 6.94
      6 6.93
     39 6.92
     14 6.91
     27 6.9
     77 6.89
   1350 6.88
     38 6.87
   2152 6.86
   1412 6.85
    945 6.84
    227 6.83
   1043 6.82
     93 6.81
   1084 6.8
     13 6.79
   1184 6.78
      4 6.77
   2259 6.76
   1435 6.75
     86 6.74
     68 6.73
     57 6.72
     25 6.71
   2173 6.7
    943 6.69
   1080 6.68
      4 6.67
   2634 6.66
   1957 6.65
     62 6.64
      6 6.63
     30 6.62
     28 6.61
    216 6.6
    257 6.59
   2482 6.58
     36 6.57
   2583 6.56
   2121 6.55
   1002 6.54
     31 6.53
     26 6.52
    101 6.51
   1335 6.5
     15 6.49
    791 6.48
     25 6.47
   2912 6.46
   3813 6.45
    114 6.44
     12 6.43
     48 6.42
     14 6.41
     36 6.4
   1125 6.39
    643 6.38
      1 6.37
   3190 6.36
   2129 6.35
     59 6.34
    289 6.33
   1496 6.32
      5 6.31
    793 6.3
    156 6.29
    506 6.28
     52 6.27
   3361 6.26
   1641 6.25
   1119 6.24
     59 6.23
     13 6.22
     93 6.21
   3566 6.2
     21 6.19
    421 6.18
     21 6.17
   3602 6.16
   1748 6.15
    982 6.14
     16 6.13
     96 6.12
     37 6.11
     74 6.1
   1268 6.09
   2614 6.08
      3 6.07
   4089 6.06
   3220 6.05
     80 6.04
      6 6.03
     33 6.02
      8 6.01
  12109 6.0
    163 5.99
    424 5.98
     63 5.97
   4433 5.96
   5267 5.95
   1408 5.94
     21 5.93
     20 5.92
    110 5.91
    788 5.9
    139 5.89
    445 5.88
      3 5.87
   4925 5.86
   2187 5.85
    140 5.84
    412 5.83
   2073 5.82
     39 5.81
   1347 5.8
   1610 5.79
    328 5.78
      7 5.77
   5473 5.76
   3116 5.75
     79 5.74
     35 5.73
     45 5.72
     10 5.71
   4027 5.7
    112 5.69
    349 5.68
     91 5.67
   5805 5.66
   2635 5.65
   1672 5.64
     34 5.63
     17 5.62
    118 5.61
    979 5.6
     14 5.59
   3141 5.58
     18 5.57
   6121 5.56
   4487 5.55
    196 5.54
    279 5.53
    121 5.52
     16 5.51
   1413 5.5
   1823 5.49
    273 5.48
      2 5.47
   6955 5.46
   7881 5.45
    125 5.44
     11 5.43
     12 5.42
     11 5.41
     53 5.4
    126 5.39
    240 5.38
    111 5.37
   7384 5.36
   3314 5.35
   1921 5.34
    566 5.33
   2662 5.32
    132 5.31
   2341 5.3
     52 5.29
    221 5.28
     36 5.27
   7945 5.26
   3572 5.25
    128 5.24
     40 5.23
    146 5.22
     16 5.21
   5351 5.2
   2135 5.19
    273 5.18
      8 5.17
   8800 5.16
   4961 5.15
    130 5.14
     22 5.13
     23 5.12
     21 5.11
     32 5.1
    159 5.09
   4227 5.08
    171 5.07
   9658 5.06
   5788 5.05
   2368 5.04
     28 5.03
     21 5.02
    130 5.01
  53499 5.0
     93 4.99
    246 4.98
      8 4.97
  10435 4.96
  10303 4.95
    116 4.94
     19 4.93
    222 4.92
     98 4.91
     50 4.9
   2546 4.89
    228 4.88
      5 4.87
  11220 4.86
   6161 4.85
    197 4.84
    795 4.83
   3611 4.82
     24 4.81
   2055 4.8
     94 4.79
    202 4.78
    285 4.77
  11900 4.76
   5188 4.75
   2722 4.74
    100 4.73
     33 4.72
     48 4.71
   9201 4.7
     46 4.69
    181 4.68
     14 4.67
  12900 4.66
   5545 4.65
    157 4.64
     21 4.63
    340 4.62
     14 4.61
     64 4.6
   3115 4.59
   5280 4.58
      4 4.57
  13735 4.56
   9703 4.55
    274 4.54
     24 4.53
     37 4.52
      5 4.51
   2239 4.5
     80 4.49
    176 4.48
    447 4.47
  15177 4.46
  13823 4.45
   3512 4.44
     20 4.43
     20 4.42
     33 4.41
   2300 4.4
     55 4.39
    128 4.38
    107 4.37
  16041 4.36
   6874 4.35
     67 4.34
   1110 4.33
   5110 4.32
     15 4.31
   2504 4.3
   3686 4.29
    226 4.28
      4 4.27
  17565 4.26
   9679 4.25
    392 4.24
     30 4.23
     36 4.22
     17 4.21
  10742 4.2
    204 4.19
     91 4.18
    612 4.17
  18930 4.16
   8019 4.15
   3885 4.14
     62 4.13
     36 4.12
     41 4.11
   2622 4.1
     52 4.09
   7291 4.08
     17 4.07
  20616 4.06
  11740 4.05
     94 4.04
     33 4.03
    720 4.02
    144 4.01
  33739 4.0
   4515 3.99
     98 3.98
      7 3.97
  22649 3.96
  22795 3.95
    615 3.94
     36 3.93
    177 3.92
     14 3.91
     74 3.9
     99 3.89
    261 3.88
    878 3.87
  24753 3.86
  10483 3.85
   4724 3.84
   1661 3.83
   6856 3.82
     45 3.81
   7252 3.8
     93 3.79
    121 3.78
     10 3.77
  26586 3.76
  11776 3.75
    257 3.74
     68 3.73
   1084 3.72
     47 3.71
  15981 3.7
   5211 3.69
     76 3.68
     16 3.67
  29469 3.66
  15549 3.65
    782 3.64
     60 3.63
     37 3.62
     22 3.61
    183 3.6
     96 3.59
  10475 3.58
   1226 3.57
  32324 3.56
  17802 3.55
   5908 3.54
     85 3.53
     79 3.52
     30 3.51
  11883 3.5
     69 3.49
    120 3.48
    249 3.47
  34897 3.46
  30416 3.45
     75 3.44
    111 3.43
   1443 3.42
     21 3.41
    200 3.4
   6100 3.39
    356 3.38
     60 3.37
  38165 3.36
  19553 3.35
   1094 3.34
   2672 3.33
   9438 3.32
     10 3.31
   5624 3.3
    354 3.29
    201 3.28
   1754 3.27
  42011 3.26
  18273 3.25
   6224 3.24
    139 3.23
     95 3.22
     17 3.21
  27098 3.2
     86 3.19
    170 3.18
     37 3.17
  45768 3.16
  19503 3.15
     48 3.14
    164 3.13
   2035 3.12
    373 3.11
    136 3.1
   6551 3.09
  13772 3.08
    121 3.07
  51189 3.06
  30715 3.05
   1523 3.04
    351 3.03
    438 3.02
     30 3.01
  82960 3.0
     50 2.99
    298 2.98
   2412 2.97
  55725 2.96
  42912 2.95
   6466 2.94
    701 2.93
     66 2.92
     29 2.91
   6076 2.9
     43 2.89
    732 2.88
      8 2.87
  60688 2.86
  25974 2.85
    489 2.84
   2856 2.83
  14681 2.82
     26 2.81
   8063 2.8
   6229 2.79
    368 2.78
    162 2.77
  65682 2.76
  33451 2.75
   2339 2.74
    382 2.73
     39 2.72
     34 2.71
  28444 2.7
    139 2.69
    440 2.68
   3725 2.67
  70790 2.66
  29294 2.65
   5730 2.64
    445 2.63
    121 2.62
     53 2.61
   7558 2.6
     39 2.59
  15017 2.58
    698 2.57
  75316 2.56
  37525 2.55
     13 2.54
    542 2.53
   4751 2.52
     91 2.51
  30221 2.5
   4932 2.49
   1190 2.48
     49 2.47
  79477 2.46
  59875 2.45
   3463 2.44
    733 2.43
     44 2.42
      8 2.41
    685 2.4
    759 2.39
    883 2.38
   5623 2.37
  83079 2.36
  35018 2.35
   4318 2.34
   3527 2.33
  12163 2.32
     45 2.31
  16141 2.3
    124 2.29
    941 2.28
     33 2.27
  86021 2.26
  38812 2.25
     27 2.24
    932 2.23
   8029 2.22
   1038 2.21
  33984 2.2
     15 2.19
   1151 2.18
     19 2.17
  89061 2.16
  39967 2.15
   5098 2.14
   1014 2.13
    932 2.12
     62 2.11
    492 2.1
    215 2.09
  14281 2.08
   8288 2.07
  90682 2.06
  42922 2.05
     37 2.04
   2066 2.03
    335 2.02
    292 2.01
 265452 2.0
    237 1.99
   1324 1.98
    117 1.97
  87944 1.96
  37187 1.95
    906 1.94
   1460 1.93
   9718 1.92
     11 1.91
   1024 1.9
    136 1.89
   2320 1.88
     17 1.87
  82853 1.86
  39505 1.85
   7258 1.84
   1694 1.83
     43 1.82
    120 1.81
   6017 1.8
    195 1.79
   2316 1.78
  10628 1.77
  74665 1.76
  36258 1.75
     59 1.74
   2328 1.73
    447 1.72
     16 1.71
  33427 1.7
    101 1.69
   2396 1.68
   1114 1.67
    683 1.66
    384 1.65
     29 1.64
   2657 1.63
  11463 1.62
      7 1.61
   2369 1.6
    119 1.59
   4896 1.58
    173 1.57
    158 1.56
   4767 1.55
   7999 1.54
   3328 1.53
     89 1.52
    175 1.51
  91442 1.5
    161 1.49
   4000 1.48
  11688 1.47
    163 1.46
    222 1.45
    107 1.44
   3626 1.43
    621 1.42
    169 1.41
  13180 1.4
     89 1.39
   4294 1.38
     78 1.37
    611 1.36
    367 1.35
    221 1.34
   4689 1.33
  10085 1.32
     25 1.31
   2680 1.3
    111 1.29
   5287 1.28
    181 1.27
    138 1.26
   8443 1.25
    786 1.24
   5437 1.23
    281 1.22
    247 1.21
  33442 1.2
    159 1.19
   6036 1.18
     68 1.17
     77 1.16
    303 1.15
    185 1.14
   5779 1.13
    651 1.12
   2151 1.11
   2785 1.1
    162 1.09
   8340 1.08
     63 1.07
    149 1.06
    123 1.05
    171 1.04
   5956 1.03
    287 1.02
    169 1.01
 307007 1.0
    327 0.99
   6006 0.98
     91 0.97
    111 0.96
    148 0.95
    242 0.94
   5813 0.93
    186 0.92
     22 0.91
    567 0.9
    198 0.89
    325 0.88
     82 0.87
    303 0.86
    183 0.85
    233 0.84
     73 0.83
    380 0.82
     32 0.81
   1184 0.8
    352 0.79
    144 0.78
    186 0.77
    262 0.76
   1531 0.75
    467 0.74
      7 0.73
    429 0.72
     26 0.71
   5985 0.7
    435 0.69
     11 0.68
    145 0.67
    313 0.66
     83 0.65
    488 0.64
     22 0.63
    530 0.62
     26 0.61
    133 0.6
    534 0.59
    122 0.58
    188 0.57
    401 0.56
    212 0.55
    601 0.54
     13 0.53
    632 0.52
     31 0.51
   4698 0.5
    605 0.49
      5 0.48
     13 0.47
     11 0.46
     40 0.45
     21 0.44
     15 0.43
     11 0.42
     24 0.41
    114 0.4
      8 0.39
     10 0.38
      7 0.37
     10 0.36
     40 0.35
     10 0.34
     72 0.33
     34 0.32
     24 0.31
    157 0.3
     17 0.29
     55 0.28
     19 0.27
     20 0.26
    185 0.25
     22 0.24
     34 0.23
    170 0.22
     36 0.21
   1634 0.2
     17 0.19
     79 0.18
     43 0.17
     26 0.16
    346 0.15
     47 0.14
     46 0.13
     82 0.12
    287 0.11
   1264 0.1
    172 0.09
    970 0.08
    109 0.07
    154 0.06
    667 0.05
    255 0.04
    542 0.03
   1267 0.02
   3371 0.01
      1 tip_amount
1580916 0.0
